1	417	828	898	416	2	616	823	3	444	843	443	445	55	690	825	56	57	689	58	59
2	2	616	823	3	29	631	824	30	57	689	58	59	60	646	826	61	62	691	63	64
3	29	631	824	30	517	873	899	518	62	691	63	64	65	692	827	66	543	874	544	545
4	418	829	828	417	1	617	616	2	446	844	444	447	67	722	690	55	68	649	57	69
5	1	617	616	2	28	632	631	29	68	649	57	69	70	648	646	60	71	647	62	72
6	28	632	631	29	516	872	873	517	71	647	62	72	73	693	692	65	546	875	543	547
7	419	830	829	418	16	618	617	1	448	845	446	449	74	721	722	67	75	652	68	76
8	16	618	617	1	43	633	632	28	75	652	68	76	77	651	648	70	78	650	71	79
9	43	633	632	28	531	871	872	516	78	650	71	79	80	694	693	73	548	876	546	549
10	420	831	830	419	18	619	618	16	450	846	448	451	81	720	721	74	82	655	75	83
11	18	619	618	16	45	634	633	43	82	655	75	83	84	654	651	77	85	653	78	86
12	45	634	633	43	533	870	871	531	85	653	78	86	87	695	694	80	550	877	548	551
13	421	832	831	420	19	620	619	18	452	847	450	453	88	719	720	81	89	658	82	90
14	19	620	619	18	46	635	634	45	89	658	82	90	91	657	654	84	92	656	85	93
15	46	635	634	45	534	869	870	533	92	656	85	93	94	696	695	87	552	878	550	553
16	422	833	832	421	20	621	620	19	454	848	452	455	95	718	719	88	96	661	89	97
17	20	621	620	19	47	636	635	46	96	661	89	97	98	660	657	91	99	659	92	100
18	47	636	635	46	535	868	869	534	99	659	92	100	101	697	696	94	554	879	552	555
19	423	834	833	422	21	622	621	20	456	849	454	457	102	717	718	95	103	664	96	104
20	21	622	621	20	48	637	636	47	103	664	96	104	105	663	660	98	106	662	99	107
21	48	637	636	47	536	867	868	535	106	662	99	107	108	698	697	101	556	880	554	557
22	424	835	834	423	22	623	622	21	458	850	456	459	109	716	717	102	110	667	103	111
23	22	623	622	21	49	638	637	48	110	667	103	111	112	666	663	105	113	665	106	114
24	49	638	637	48	537	866	867	536	113	665	106	114	115	699	698	108	558	881	556	559
25	425	836	835	424	23	624	623	22	460	851	458	461	116	715	716	109	117	670	110	118
26	23	624	623	22	50	639	638	49	117	670	110	118	119	669	666	112	120	668	113	121
27	50	639	638	49	538	865	866	537	120	668	113	121	122	700	699	115	560	882	558	561
28	426	837	836	425	24	625	624	23	462	852	460	463	123	714	715	116	124	673	117	125
29	24	625	624	23	51	640	639	50	124	673	117	125	126	672	669	119	127	671	120	128
30	51	640	639	50	539	864	865	538	127	671	120	128	129	701	700	122	562	883	560	563
31	427	838	837	426	25	626	625	24	464	853	462	465	130	713	714	123	131	676	124	132
32	25	626	625	24	52	641	640	51	131	676	124	132	133	675	672	126	134	674	127	135
33	52	641	640	51	540	863	864	539	134	674	127	135	136	702	701	129	564	884	562	565
34	428	839	838	427	26	627	626	25	466	854	464	467	137	712	713	130	138	679	131	139
35	26	627	626	25	53	642	641	52	138	679	131	139	140	678	675	133	141	677	134	142
36	53	642	641	52	541	862	863	540	141	677	134	142	143	703	702	136	566	885	564	567
37	429	840	839	428	27	628	627	26	468	855	466	469	144	711	712	137	145	682	138	146
38	27	628	627	26	54	643	642	53	145	682	138	146	147	681	678	140	148	680	141	149
39	54	643	642	53	542	861	862	541	148	680	141	149	150	704	703	143	568	886	566	569
40	430	841	840	429	5	629	628	27	470	856	468	471	151	710	711	144	152	685	145	153
41	5	629	628	27	32	644	643	54	152	685	145	153	154	684	681	147	155	683	148	156
42	32	644	643	54	520	860	861	542	155	683	148	156	157	705	704	150	570	887	568	571
43	431	842	841	430	4	630	629	5	472	857	470	473	158	709	710	151	159	688	152	160
44	4	630	629	5	31	645	644	32	159	688	152	160	161	687	684	154	162	686	155	163
45	31	645	644	32	519	859	860	520	162	686	155	163	164	706	705	157	572	888	570	573
46	416	898	842	431	3	823	630	4	443	858	472	474	56	825	709	158	58	708	159	165
47	3	823	630	4	30	824	645	31	58	708	159	165	61	826	687	161	63	707	162	166
48	30	824	645	31	518	899	859	519	63	707	162	166	66	827	706	164	544	889	572	574
49	786	787	417	416	353	355	2	3	792	475	445	476	375	376	55	56	366	167	59	168
50	353	355	2	3	354	356	29	30	366	167	59	168	364	367	60	61	368	169	64	170
51	354	356	29	30	764	765	517	518	368	169	64	170	382	381	65	66	769	575	545	576
52	431	785	786	416	4	351	353	3	477	791	476	474	158	374	375	56	171	363	168	165
53	4	351	353	3	31	352	354	30	171	363	168	165	161	360	364	61	172	365	170	166
54	31	352	354	30	519	763	764	518	172	365	170	166	164	383	382	66	577	770	576	574
55	433	814	897	434	7	392	810	6	479	822	478	480	173	408	811	174	175	409	176	177
56	7	392	810	6	34	393	809	33	175	409	176	177	178	402	813	179	180	410	181	182
57	34	393	809	33	522	795	895	521	180	410	181	182	183	411	812	184	578	799	579	580
58	430	429	433	434	5	27	7	6	471	481	480	482	151	144	173	174	153	185	177	186
59	5	27	7	6	32	54	34	33	153	185	177	186	154	147	178	179	156	187	182	188
60	32	54	34	33	520	542	522	521	156	187	182	188	157	150	183	184	571	581	580	582
61	817	816	435	436	386	388	9	10	819	484	483	485	404	406	189	190	394	191	192	193
62	386	388	9	10	387	389	36	37	394	191	192	193	397	395	194	195	396	196	197	198
63	387	389	36	37	798	797	524	525	396	196	197	198	414	413	199	200	802	583	584	585
64	777	896	817	436	320	804	386	10	783	818	485	486	340	806	404	190	341	405	193	201
65	320	804	386	10	321	805	387	37	341	405	193	201	333	807	397	195	342	415	198	202
66	321	805	387	37	755	894	798	525	342	415	198	202	343	808	414	200	756	803	585	586
67	436	435	427	426	10	9	25	24	483	487	465	488	190	189	130	123	192	203	132	204
68	10	9	25	24	37	36	52	51	192	203	132	204	195	194	133	126	197	205	135	206
69	37	36	52	51	525	524	540	539	197	205	135	206	200	199	136	129	584	587	565	588
70	432	776	777	436	11	318	320	10	489	782	486	490	207	339	340	190	208	332	201	209
71	11	318	320	10	38	319	321	37	208	332	201	209	210	330	333	195	211	334	202	212
72	38	319	321	37	526	754	755	525	211	334	202	212	213	344	343	200	589	757	586	590
73	426	425	432	436	24	23	11	10	463	491	490	488	123	116	207	190	125	214	209	204
74	24	23	11	10	51	50	38	37	125	214	209	204	126	119	210	195	128	215	212	206
75	51	50	38	37	539	538	526	525	128	215	212	206	129	122	213	200	563	591	590	588
76	433	429	428	437	7	27	26	8	481	469	492	493	173	144	137	216	185	146	217	218
77	7	27	26	8	34	54	53	35	185	146	217	218	178	147	140	219	187	149	220	221
78	34	54	53	35	522	542	541	523	187	149	220	221	183	150	143	222	581	569	592	593
79	815	814	433	437	390	392	7	8	821	479	493	494	407	408	173	216	401	175	218	223
80	390	392	7	8	391	393	34	35	401	175	218	223	399	402	178	219	403	180	221	224
81	391	393	34	35	796	795	522	523	403	180	221	224	412	411	183	222	800	578	593	594
82	437	428	427	435	8	26	25	9	492	467	487	495	216	137	130	189	217	139	203	225
83	8	26	25	9	35	53	52	36	217	139	203	225	219	140	133	194	220	142	205	226
84	35	53	52	36	523	541	540	524	220	142	205	226	222	143	136	199	592	567	587	595
85	816	815	437	435	388	390	8	9	820	494	495	484	406	407	216	189	398	223	225	191
86	388	390	8	9	389	391	35	36	398	223	225	191	395	399	219	194	400	224	226	196
87	389	391	35	36	797	796	523	524	400	224	226	196	413	412	222	199	801	594	595	583
88	418	417	787	788	1	2	355	357	447	475	793	496	67	55	376	377	69	167	369	227
89	1	2	355	357	28	29	356	358	69	167	369	227	70	60	367	370	72	169	371	228
90	28	29	356	358	516	517	765	766	72	169	371	228	73	65	381	380	547	575	768	596
91	745	744	419	418	282	284	16	1	747	497	449	498	300	302	74	67	290	229	76	230
92	282	284	16	1	283	285	43	28	290	229	76	230	293	291	77	70	292	231	79	232
93	283	285	43	28	723	724	531	516	292	231	79	232	310	309	80	73	730	597	549	598
94	788	893	745	418	357	737	282	1	794	746	498	496	377	739	300	67	378	301	230	227
95	357	737	282	1	358	738	283	28	378	301	230	227	370	741	293	70	379	311	232	228
96	358	738	283	28	766	890	723	516	379	311	232	228	380	740	310	73	767	731	598	596
97	439	438	421	420	17	15	19	18	500	499	453	501	233	234	88	81	235	236	90	237
98	17	15	19	18	44	42	46	45	235	236	90	237	238	239	91	84	240	241	93	242
99	44	42	46	45	532	530	534	533	240	241	93	242	243	244	94	87	599	600	553	601
100	439	744	743	438	17	284	286	15	503	748	502	500	233	302	303	234	245	294	246	235
101	17	284	286	15	44	285	287	42	245	294	246	235	238	291	295	239	247	296	248	240
102	44	285	287	42	532	724	725	530	247	296	248	240	243	309	308	244	602	729	603	599
103	419	744	439	420	16	284	17	18	497	503	501	451	74	302	233	81	229	245	237	83
104	16	284	17	18	43	285	44	45	229	245	237	83	77	291	238	84	231	247	242	86
105	43	285	44	45	531	724	532	533	231	247	242	86	80	309	243	87	597	602	601	551
106	432	425	424	441	11	23	22	12	491	461	504	505	207	116	109	249	214	118	250	251
107	11	23	22	12	38	50	49	39	214	118	250	251	210	119	112	252	215	121	253	254
108	38	50	49	39	526	538	537	527	215	121	253	254	213	122	115	255	591	561	604	605
109	775	776	432	441	316	318	11	12	781	489	505	506	338	339	207	249	329	208	251	256
110	316	318	11	12	317	319	38	39	329	208	251	256	327	330	210	252	331	211	254	257
111	317	319	38	39	753	754	526	527	331	211	254	257	345	344	213	255	758	589	605	606
112	441	424	423	440	12	22	21	13	504	459	507	508	249	109	102	258	250	111	259	260
113	12	22	21	13	39	49	48	40	250	111	259	260	252	112	105	261	253	114	262	263
114	39	49	48	40	527	537	536	528	253	114	262	263	255	115	108	264	604	559	607	608
115	774	775	441	440	314	316	12	13	780	506	508	509	337	338	249	258	326	256	260	265
116	314	316	12	13	315	317	39	40	326	256	260	265	323	327	252	261	328	257	263	266
117	315	317	39	40	752	753	527	528	328	257	263	266	346	345	255	264	759	606	608	609
118	440	423	422	442	13	21	20	14	507	457	510	511	258	102	95	267	259	104	268	269
119	13	21	20	14	40	48	47	41	259	104	268	269	261	105	98	270	262	107	271	272
120	40	48	47	41	528	536	535	529	262	107	271	272	264	108	101	273	607	557	610	611
121	773	774	440	442	312	314	13	14	779	509	511	512	335	337	258	267	322	265	269	274
122	312	314	13	14	313	315	40	41	322	265	269	274	325	323	261	270	324	266	272	275
123	313	315	40	41	751	752	528	529	324	266	272	275	347	346	264	273	760	609	611	612
124	742	892	773	442	288	732	312	14	750	778	512	513	304	734	335	267	305	336	274	276
125	288	732	312	14	289	733	313	41	305	336	274	276	298	735	325	270	306	348	275	277
126	289	733	313	41	726	891	751	529	306	348	275	277	307	736	347	273	727	761	612	613
127	442	422	421	438	14	20	19	15	510	455	499	514	267	95	88	234	268	97	236	278
128	14	20	19	15	41	47	46	42	268	97	236	278	270	98	91	239	271	100	241	279
129	41	47	46	42	529	535	534	530	271	100	241	279	273	101	94	244	610	555	600	614
130	743	742	442	438	286	288	14	15	749	513	514	502	303	304	267	234	297	276	278	246
131	286	288	14	15	287	289	41	42	297	276	278	246	295	298	270	239	299	277	279	248
132	287	289	41	42	725	726	529	530	299	277	279	248	308	307	273	244	728	613	614	603
133	784	785	431	430	349	351	4	5	790	477	473	515	372	374	158	151	359	171	160	280
134	349	351	4	5	350	352	31	32	359	171	160	280	362	360	161	154	361	172	163	281
135	350	352	31	32	762	763	519	520	361	172	163	281	384	383	164	157	771	577	573	615
136	430	434	897	784	5	6	810	349	482	478	789	515	151	174	811	372	186	176	373	280
137	5	6	810	349	32	33	809	350	186	176	373	280	154	179	813	362	188	181	385	281
138	32	33	809	350	520	521	895	762	188	181	385	281	157	184	812	384	582	579	772	615
139	1372	894	798	1147	1242	805	387	903	1373	803	1150	1151	1257	808	414	928	1258	415	929	930
140	1242	805	387	903	1241	804	386	907	1258	415	929	930	1256	807	397	931	1259	405	932	933
141	1241	804	386	907	1240	896	817	911	1259	405	932	933	1254	806	404	934	1260	818	935	936
142	1240	896	817	911	1239	1354	1192	915	1260	818	935	936	1252	1359	1225	937	1261	1224	938	939
143	1239	1354	1192	915	1238	1353	1188	919	1261	1224	938	939	1250	1358	1213	940	1262	1223	941	942
144	1238	1353	1188	919	1237	1352	1184	923	1262	1223	941	942	1248	1357	1206	943	1263	1222	944	945
145	1237	1352	1184	923	1236	1351	1180	927	1263	1222	944	945	1246	1356	1196	946	1264	1220	947	948
146	1236	1351	1180	927	1375	1385	1342	1166	1264	1220	947	948	1244	1355	1221	949	1376	1346	1167	1168
147	1297	1382	1372	1147	1078	1309	1242	903	1302	1374	1151	1152	1135	1310	1257	928	1136	1255	930	950
148	1078	1309	1242	903	1074	1308	1241	907	1136	1255	930	950	1123	1311	1256	931	1137	1253	933	951
149	1074	1308	1241	907	1070	1307	1240	911	1137	1253	933	951	1116	1312	1254	934	1138	1251	936	952
150	1070	1307	1240	911	1066	1306	1239	915	1138	1251	936	952	1109	1313	1252	937	1139	1249	939	953
151	1066	1306	1239	915	1062	1305	1238	919	1139	1249	939	953	1102	1314	1250	940	1140	1247	942	954
152	1062	1305	1238	919	1058	1304	1237	923	1140	1247	942	954	1095	1315	1248	943	1141	1245	945	955
153	1058	1304	1237	923	1054	1303	1236	927	1141	1245	945	955	1087	1316	1246	946	1142	1243	948	956
154	1054	1303	1236	927	1333	1383	1375	1166	1142	1243	948	956	1143	1317	1244	949	1338	1377	1168	1169
155	1147	798	797	1146	903	387	389	902	1150	802	1153	1154	928	414	413	957	929	396	958	959
156	903	387	389	902	907	386	388	906	929	396	958	959	931	397	395	960	932	394	961	962
157	907	386	388	906	911	817	816	910	932	394	961	962	934	404	406	963	935	819	964	965
158	911	817	816	910	915	1192	1193	914	935	819	964	965	937	1225	1226	966	938	1214	967	968
159	915	1192	1193	914	919	1188	1189	918	938	1214	967	968	940	1213	1215	969	941	1207	970	971
160	919	1188	1189	918	923	1184	1185	922	941	1207	970	971	943	1206	1208	972	944	1197	973	974
161	923	1184	1185	922	927	1180	1181	926	944	1197	973	974	946	1196	1198	975	947	1199	976	977
162	927	1180	1181	926	1166	1342	1343	1165	947	1199	976	977	949	1221	1235	978	1167	1347	1170	1171
163	1296	1297	1147	1146	1077	1078	903	902	1301	1152	1154	1155	1134	1135	928	957	1122	950	959	979
164	1077	1078	903	902	1073	1074	907	906	1122	950	959	979	1121	1123	931	960	1115	951	962	980
165	1073	1074	907	906	1069	1070	911	910	1115	951	962	980	1114	1116	934	963	1108	952	965	981
166	1069	1070	911	910	1065	1066	915	914	1108	952	965	981	1107	1109	937	966	1101	953	968	982
167	1065	1066	915	914	1061	1062	919	918	1101	953	968	982	1100	1102	940	969	1094	954	971	983
168	1061	1062	919	918	1057	1058	923	922	1094	954	971	983	1093	1095	943	972	1086	955	974	984
169	1057	1058	923	922	1053	1054	927	926	1086	955	974	984	1084	1087	946	975	1088	956	977	985
170	1053	1054	927	926	1334	1333	1166	1165	1088	956	977	985	1144	1143	949	978	1339	1169	1171	1172
171	1369	1381	1294	1148	1265	1318	1075	900	1370	1298	1156	1157	1273	1332	1132	986	1272	1131	987	988
172	1265	1318	1075	900	1266	1319	1071	904	1272	1131	987	988	1275	1331	1117	989	1274	1130	990	991
173	1266	1319	1071	904	1267	1320	1067	908	1274	1130	990	991	1277	1330	1110	992	1276	1129	993	994
174	1267	1320	1067	908	1268	1321	1063	912	1276	1129	993	994	1279	1329	1103	995	1278	1128	996	997
175	1268	1321	1063	912	1269	1322	1059	916	1278	1128	996	997	1281	1328	1096	998	1280	1127	999	1000
176	1269	1322	1059	916	1270	1323	1055	920	1280	1127	999	1000	1283	1327	1089	1001	1282	1126	1002	1003
177	1270	1323	1055	920	1271	1324	1051	924	1282	1126	1002	1003	1285	1326	1079	1004	1284	1124	1005	1006
178	1271	1324	1051	924	1378	1384	1336	1163	1284	1124	1005	1006	1286	1325	1125	1007	1379	1337	1173	1174
179	795	895	1369	1148	393	809	1265	900	799	1371	1157	1158	411	812	1273	986	410	1293	988	1008
180	393	809	1265	900	392	810	1266	904	410	1293	988	1008	402	813	1275	989	409	1292	991	1009
181	392	810	1266	904	814	897	1267	908	409	1292	991	1009	408	811	1277	992	822	1291	994	1010
182	814	897	1267	908	1195	1360	1268	912	822	1291	994	1010	1228	1364	1279	995	1229	1290	997	1011
183	1195	1360	1268	912	1191	1361	1269	916	1229	1290	997	1011	1219	1365	1281	998	1230	1289	1000	1012
184	1191	1361	1269	916	1187	1362	1270	920	1230	1289	1000	1012	1212	1366	1283	1001	1231	1288	1003	1013
185	1187	1362	1270	920	1183	1363	1271	924	1231	1288	1003	1013	1204	1367	1285	1004	1232	1287	1006	1014
186	1183	1363	1271	924	1345	1386	1378	1163	1232	1287	1006	1014	1233	1368	1286	1007	1348	1380	1174	1175
187	1146	797	796	1149	902	389	391	901	1153	801	1159	1160	957	413	412	1015	958	400	1016	1017
188	902	389	391	901	906	388	390	905	958	400	1016	1017	960	395	399	1018	961	398	1019	1020
189	906	388	390	905	910	816	815	909	961	398	1019	1020	963	406	407	1021	964	820	1022	1023
190	910	816	815	909	914	1193	1194	913	964	820	1022	1023	966	1226	1227	1024	967	1216	1025	1026
191	914	1193	1194	913	918	1189	1190	917	967	1216	1025	1026	969	1215	1217	1027	970	1209	1028	1029
192	918	1189	1190	917	922	1185	1186	921	970	1209	1028	1029	972	1208	1210	1030	973	1200	1031	1032
193	922	1185	1186	921	926	1181	1182	925	973	1200	1031	1032	975	1198	1201	1033	976	1202	1034	1035
194	926	1181	1182	925	1165	1343	1344	1164	976	1202	1034	1035	978	1235	1234	1036	1170	1349	1176	1177
195	1295	1296	1146	1149	1076	1077	902	901	1300	1155	1160	1161	1133	1134	957	1015	1120	979	1017	1037
196	1076	1077	902	901	1072	1073	906	905	1120	979	1017	1037	1119	1121	960	1018	1113	980	1020	1038
197	1072	1073	906	905	1068	1069	910	909	1113	980	1020	1038	1112	1114	963	1021	1106	981	1023	1039
198	1068	1069	910	909	1064	1065	914	913	1106	981	1023	1039	1105	1107	966	1024	1099	982	1026	1040
199	1064	1065	914	913	1060	1061	918	917	1099	982	1026	1040	1098	1100	969	1027	1092	983	1029	1041
200	1060	1061	918	917	1056	1057	922	921	1092	983	1029	1041	1091	1093	972	1030	1083	984	1032	1042
201	1056	1057	922	921	1052	1053	926	925	1083	984	1032	1042	1081	1084	975	1033	1085	985	1035	1043
202	1052	1053	926	925	1335	1334	1165	1164	1085	985	1035	1043	1145	1144	978	1036	1340	1172	1177	1178
203	1149	796	795	1148	901	391	393	900	1159	800	1158	1162	1015	412	411	986	1016	403	1008	1044
204	901	391	393	900	905	390	392	904	1016	403	1008	1044	1018	399	402	989	1019	401	1009	1045
205	905	390	392	904	909	815	814	908	1019	401	1009	1045	1021	407	408	992	1022	821	1010	1046
206	909	815	814	908	913	1194	1195	912	1022	821	1010	1046	1024	1227	1228	995	1025	1218	1011	1047
207	913	1194	1195	912	917	1190	1191	916	1025	1218	1011	1047	1027	1217	1219	998	1028	1211	1012	1048
208	917	1190	1191	916	921	1186	1187	920	1028	1211	1012	1048	1030	1210	1212	1001	1031	1203	1013	1049
209	921	1186	1187	920	925	1182	1183	924	1031	1203	1013	1049	1033	1201	1204	1004	1034	1205	1014	1050
210	925	1182	1183	924	1164	1344	1345	1163	1034	1205	1014	1050	1036	1234	1233	1007	1176	1350	1175	1179
211	1294	1295	1149	1148	1075	1076	901	900	1299	1161	1162	1156	1132	1133	1015	986	1118	1037	1044	987
212	1075	1076	901	900	1071	1072	905	904	1118	1037	1044	987	1117	1119	1018	989	1111	1038	1045	990
213	1071	1072	905	904	1067	1068	909	908	1111	1038	1045	990	1110	1112	1021	992	1104	1039	1046	993
214	1067	1068	909	908	1063	1064	913	912	1104	1039	1046	993	1103	1105	1024	995	1097	1040	1047	996
215	1063	1064	913	912	1059	1060	917	916	1097	1040	1047	996	1096	1098	1027	998	1090	1041	1048	999
216	1059	1060	917	916	1055	1056	921	920	1090	1041	1048	999	1089	1091	1030	1001	1080	1042	1049	1002
217	1055	1056	921	920	1051	1052	925	924	1080	1042	1049	1002	1079	1081	1033	1004	1082	1043	1050	1005
218	1051	1052	925	924	1336	1335	1164	1163	1082	1043	1050	1005	1125	1145	1036	1007	1341	1178	1179	1173
219	2475	2522	2516	2041	2300	2486	2404	1393	2476	2517	2053	2054	2385	2493	2419	1513	2386	2417	1514	1515
220	2300	2486	2404	1393	2294	2487	2403	1411	2386	2417	1514	1515	2371	2494	2418	1516	2387	2415	1517	1518
221	2294	2487	2403	1411	2288	2488	2402	1429	2387	2415	1517	1518	2360	2495	2416	1519	2388	2413	1520	1521
222	2288	2488	2402	1429	2282	2489	2401	1447	2388	2413	1520	1521	2349	2496	2414	1522	2389	2411	1523	1524
223	2282	2489	2401	1447	2276	2490	2400	1465	2389	2411	1523	1524	2338	2497	2412	1525	2390	2409	1526	1527
224	2276	2490	2400	1465	2270	2491	2399	1483	2390	2409	1526	1527	2327	2498	2410	1528	2391	2407	1529	1530
225	2270	2491	2399	1483	2264	2492	2398	1501	2391	2407	1529	1530	2315	2499	2408	1531	2392	2405	1532	1533
226	2264	2492	2398	1501	2462	2521	2483	1978	2392	2405	1532	1533	2393	2500	2406	1534	2463	2484	1990	1991
227	2041	2516	2520	2442	1393	2404	2507	2104	2053	2518	2449	2055	1513	2419	2515	2253	1514	2420	2252	1535
228	1393	2404	2507	2104	1411	2403	2506	2111	1514	2420	2252	1535	1516	2418	2514	2164	1517	2421	2251	1536
229	1411	2403	2506	2111	1429	2402	2505	2118	1517	2421	2251	1536	1519	2416	2513	2178	1520	2422	2250	1537
230	1429	2402	2505	2118	1447	2401	2504	2125	1520	2422	2250	1537	1522	2414	2512	2191	1523	2423	2249	1538
231	1447	2401	2504	2125	1465	2400	2503	2132	1523	2423	2249	1538	1525	2412	2511	2204	1526	2424	2248	1539
232	1465	2400	2503	2132	1483	2399	2502	2139	1526	2424	2248	1539	1528	2410	2510	2217	1529	2425	2247	1540
233	1483	2399	2502	2139	1501	2398	2501	2146	1529	2425	2247	1540	1531	2408	2509	2230	1532	2426	2246	1541
234	1501	2398	2501	2146	1978	2483	2519	2427	1532	2426	2246	1541	1534	2406	2508	2245	1990	2485	2434	1992
235	2473	2474	2038	2042	2298	2299	1394	1395	2477	2057	2056	2058	2383	2384	1542	1543	2368	1544	1545	1546
236	2298	2299	1394	1395	2292	2293	1412	1413	2368	1544	1545	1546	2367	2369	1547	1548	2357	1549	1550	1551
237	2292	2293	1412	1413	2286	2287	1430	1431	2357	1549	1550	1551	2356	2358	1552	1553	2346	1554	1555	1556
238	2286	2287	1430	1431	2280	2281	1448	1449	2346	1554	1555	1556	2345	2347	1557	1558	2335	1559	1560	1561
239	2280	2281	1448	1449	2274	2275	1466	1467	2335	1559	1560	1561	2334	2336	1562	1563	2324	1564	1565	1566
240	2274	2275	1466	1467	2268	2269	1484	1485	2324	1564	1565	1566	2323	2325	1567	1568	2311	1569	1570	1571
241	2268	2269	1484	1485	2262	2263	1502	1503	2311	1569	1570	1571	2309	2312	1572	1573	2313	1574	1575	1576
242	2262	2263	1502	1503	2460	2461	1979	1980	2313	1574	1575	1576	2395	2394	1577	1578	2464	1993	1994	1995
243	2035	2472	2473	2042	1396	2297	2298	1395	2059	2478	2058	2060	1579	2382	2383	1543	1580	2366	1546	1581
244	1396	2297	2298	1395	1414	2291	2292	1413	1580	2366	1546	1581	1582	2365	2367	1548	1583	2355	1551	1584
245	1414	2291	2292	1413	1432	2285	2286	1431	1583	2355	1551	1584	1585	2354	2356	1553	1586	2344	1556	1587
246	1432	2285	2286	1431	1450	2279	2280	1449	1586	2344	1556	1587	1588	2343	2345	1558	1589	2333	1561	1590
247	1450	2279	2280	1449	1468	2273	2274	1467	1589	2333	1561	1590	1591	2332	2334	1563	1592	2322	1566	1593
248	1468	2273	2274	1467	1486	2267	2268	1485	1592	2322	1566	1593	1594	2321	2323	1568	1595	2308	1571	1596
249	1486	2267	2268	1485	1504	2261	2262	1503	1595	2308	1571	1596	1597	2306	2309	1573	1598	2310	1576	1599
250	1504	2261	2262	1503	1981	2459	2460	1980	1598	2310	1576	1599	1600	2396	2395	1578	1996	2465	1995	1997
251	2042	2038	2039	2043	1395	1394	1404	1403	2056	2062	2061	2063	1543	1542	1601	1602	1545	1603	1604	1605
252	1395	1394	1404	1403	1413	1412	1422	1421	1545	1603	1604	1605	1548	1547	1606	1607	1550	1608	1609	1610
253	1413	1412	1422	1421	1431	1430	1440	1439	1550	1608	1609	1610	1553	1552	1611	1612	1555	1613	1614	1615
254	1431	1430	1440	1439	1449	1448	1458	1457	1555	1613	1614	1615	1558	1557	1616	1617	1560	1618	1619	1620
255	1449	1448	1458	1457	1467	1466	1476	1475	1560	1618	1619	1620	1563	1562	1621	1622	1565	1623	1624	1625
256	1467	1466	1476	1475	1485	1484	1494	1493	1565	1623	1624	1625	1568	1567	1626	1627	1570	1628	1629	1630
257	1485	1484	1494	1493	1503	1502	1512	1511	1570	1628	1629	1630	1573	1572	1631	1632	1575	1633	1634	1635
258	1503	1502	1512	1511	1980	1979	1989	1988	1575	1633	1634	1635	1578	1577	1636	1637	1994	1998	1999	2000
259	2036	2035	2042	2043	1402	1396	1395	1403	2064	2060	2063	2065	1638	1579	1543	1602	1639	1581	1605	1640
260	1402	1396	1395	1403	1420	1414	1413	1421	1639	1581	1605	1640	1641	1582	1548	1607	1642	1584	1610	1643
261	1420	1414	1413	1421	1438	1432	1431	1439	1642	1584	1610	1643	1644	1585	1553	1612	1645	1587	1615	1646
262	1438	1432	1431	1439	1456	1450	1449	1457	1645	1587	1615	1646	1647	1588	1558	1617	1648	1590	1620	1649
263	1456	1450	1449	1457	1474	1468	1467	1475	1648	1590	1620	1649	1650	1591	1563	1622	1651	1593	1625	1652
264	1474	1468	1467	1475	1492	1486	1485	1493	1651	1593	1625	1652	1653	1594	1568	1627	1654	1596	1630	1655
265	1492	1486	1485	1493	1510	1504	1503	1511	1654	1596	1630	1655	1656	1597	1573	1632	1657	1599	1635	1658
266	1510	1504	1503	1511	1987	1981	1980	1988	1657	1599	1635	1658	1659	1600	1578	1637	2001	1997	2000	2002
267	2444	2445	2037	2044	2102	2101	1390	1391	2450	2067	2066	2068	2255	2256	1660	1661	2159	1662	1663	1664
268	2102	2101	1390	1391	2109	2108	1408	1409	2159	1662	1663	1664	2158	2155	1665	1666	2157	1667	1668	1669
269	2109	2108	1408	1409	2116	2115	1426	1427	2157	1667	1668	1669	2174	2172	1670	1671	2173	1672	1673	1674
270	2116	2115	1426	1427	2123	2122	1444	1445	2173	1672	1673	1674	2187	2185	1675	1676	2186	1677	1678	1679
271	2123	2122	1444	1445	2130	2129	1462	1463	2186	1677	1678	1679	2200	2198	1680	1681	2199	1682	1683	1684
272	2130	2129	1462	1463	2137	2136	1480	1481	2199	1682	1683	1684	2213	2211	1685	1686	2212	1687	1688	1689
273	2137	2136	1480	1481	2144	2143	1498	1499	2212	1687	1688	1689	2226	2224	1690	1691	2225	1692	1693	1694
274	2144	2143	1498	1499	2429	2430	1975	1976	2225	1692	1693	1694	2243	2242	1695	1696	2435	2003	2004	2005
275	2040	2443	2444	2044	1392	2103	2102	1391	2069	2451	2068	2070	1697	2254	2255	1661	1698	2162	1664	1699
276	1392	2103	2102	1391	1410	2110	2109	1409	1698	2162	1664	1699	1700	2161	2158	1666	1701	2160	1669	1702
277	1410	2110	2109	1409	1428	2117	2116	1427	1701	2160	1669	1702	1703	2176	2174	1671	1704	2175	1674	1705
278	1428	2117	2116	1427	1446	2124	2123	1445	1704	2175	1674	1705	1706	2189	2187	1676	1707	2188	1679	1708
279	1446	2124	2123	1445	1464	2131	2130	1463	1707	2188	1679	1708	1709	2202	2200	1681	1710	2201	1684	1711
280	1464	2131	2130	1463	1482	2138	2137	1481	1710	2201	1684	1711	1712	2215	2213	1686	1713	2214	1689	1714
281	1482	2138	2137	1481	1500	2145	2144	1499	1713	2214	1689	1714	1715	2228	2226	1691	1716	2227	1694	1717
282	1500	2145	2144	1499	1977	2428	2429	1976	1716	2227	1694	1717	1718	2244	2243	1696	2006	2436	2005	2007
283	2044	2037	2036	2043	1391	1390	1402	1403	2066	2071	2065	2072	1661	1660	1638	1602	1663	1719	1640	1720
284	1391	1390	1402	1403	1409	1408	1420	1421	1663	1719	1640	1720	1666	1665	1641	1607	1668	1721	1643	1722
285	1409	1408	1420	1421	1427	1426	1438	1439	1668	1721	1643	1722	1671	1670	1644	1612	1673	1723	1646	1724
286	1427	1426	1438	1439	1445	1444	1456	1457	1673	1723	1646	1724	1676	1675	1647	1617	1678	1725	1649	1726
287	1445	1444	1456	1457	1463	1462	1474	1475	1678	1725	1649	1726	1681	1680	1650	1622	1683	1727	1652	1728
288	1463	1462	1474	1475	1481	1480	1492	1493	1683	1727	1652	1728	1686	1685	1653	1627	1688	1729	1655	1730
289	1481	1480	1492	1493	1499	1498	1510	1511	1688	1729	1655	1730	1691	1690	1656	1632	1693	1731	1658	1732
290	1499	1498	1510	1511	1976	1975	1987	1988	1693	1731	1658	1732	1696	1695	1659	1637	2004	2008	2002	2009
291	2039	2040	2044	2043	1404	1392	1391	1403	2073	2070	2072	2061	1601	1697	1661	1602	1733	1699	1720	1604
292	1404	1392	1391	1403	1422	1410	1409	1421	1733	1699	1720	1604	1606	1700	1666	1607	1734	1702	1722	1609
293	1422	1410	1409	1421	1440	1428	1427	1439	1734	1702	1722	1609	1611	1703	1671	1612	1735	1705	1724	1614
294	1440	1428	1427	1439	1458	1446	1445	1457	1735	1705	1724	1614	1616	1706	1676	1617	1736	1708	1726	1619
295	1458	1446	1445	1457	1476	1464	1463	1475	1736	1708	1726	1619	1621	1709	1681	1622	1737	1711	1728	1624
296	1476	1464	1463	1475	1494	1482	1481	1493	1737	1711	1728	1624	1626	1712	1686	1627	1738	1714	1730	1629
297	1494	1482	1481	1493	1512	1500	1499	1511	1738	1714	1730	1629	1631	1715	1691	1632	1739	1717	1732	1634
298	1512	1500	1499	1511	1989	1977	1976	1988	1739	1717	1732	1634	1636	1718	1696	1637	2010	2007	2009	1999
299	1333	1383	2470	2046	1054	1303	2295	1398	1338	2479	2074	2075	1143	1317	2380	1740	1142	2379	1741	1742
300	1054	1303	2295	1398	1058	1304	2289	1416	1142	2379	1741	1742	1087	1316	2361	1743	1141	2378	1744	1745
301	1058	1304	2289	1416	1062	1305	2283	1434	1141	2378	1744	1745	1095	1315	2350	1746	1140	2377	1747	1748
302	1062	1305	2283	1434	1066	1306	2277	1452	1140	2377	1747	1748	1102	1314	2339	1749	1139	2376	1750	1751
303	1066	1306	2277	1452	1070	1307	2271	1470	1139	2376	1750	1751	1109	1313	2328	1752	1138	2375	1753	1754
304	1070	1307	2271	1470	1074	1308	2265	1488	1138	2375	1753	1754	1116	1312	2317	1755	1137	2374	1756	1757
305	1074	1308	2265	1488	1078	1309	2259	1506	1137	2374	1756	1757	1123	1311	2301	1758	1136	2372	1759	1760
306	1078	1309	2259	1506	1297	1382	2457	1983	1136	2372	1759	1760	1135	1310	2373	1761	1302	2466	2011	2012
307	1334	1333	2046	2047	1053	1054	1398	1399	1339	2075	2076	2077	1144	1143	1740	1762	1088	1742	1763	1764
308	1053	1054	1398	1399	1057	1058	1416	1417	1088	1742	1763	1764	1084	1087	1743	1765	1086	1745	1766	1767
309	1057	1058	1416	1417	1061	1062	1434	1435	1086	1745	1766	1767	1093	1095	1746	1768	1094	1748	1769	1770
310	1061	1062	1434	1435	1065	1066	1452	1453	1094	1748	1769	1770	1100	1102	1749	1771	1101	1751	1772	1773
311	1065	1066	1452	1453	1069	1070	1470	1471	1101	1751	1772	1773	1107	1109	1752	1774	1108	1754	1775	1776
312	1069	1070	1470	1471	1073	1074	1488	1489	1108	1754	1775	1776	1114	1116	1755	1777	1115	1757	1778	1779
313	1073	1074	1488	1489	1077	1078	1506	1507	1115	1757	1778	1779	1121	1123	1758	1780	1122	1760	1781	1782
314	1077	1078	1506	1507	1296	1297	1983	1984	1122	1760	1781	1782	1134	1135	1761	1783	1301	2012	2013	2014
315	1336	1335	2048	2049	1051	1052	1400	1387	1341	2079	2078	2080	1125	1145	1784	1785	1082	1786	1787	1788
316	1051	1052	1400	1387	1055	1056	1418	1405	1082	1786	1787	1788	1079	1081	1789	1790	1080	1791	1792	1793
317	1055	1056	1418	1405	1059	1060	1436	1423	1080	1791	1792	1793	1089	1091	1794	1795	1090	1796	1797	1798
318	1059	1060	1436	1423	1063	1064	1454	1441	1090	1796	1797	1798	1096	1098	1799	1800	1097	1801	1802	1803
319	1063	1064	1454	1441	1067	1068	1472	1459	1097	1801	1802	1803	1103	1105	1804	1805	1104	1806	1807	1808
320	1067	1068	1472	1459	1071	1072	1490	1477	1104	1806	1807	1808	1110	1112	1809	1810	1111	1811	1812	1813
321	1071	1072	1490	1477	1075	1076	1508	1495	1111	1811	1812	1813	1117	1119	1814	1815	1118	1816	1817	1818
322	1075	1076	1508	1495	1294	1295	1985	1972	1118	1816	1817	1818	1132	1133	1819	1820	1299	2015	2016	2017
323	2448	1384	1336	2049	2098	1324	1051	1387	2452	1337	2080	2081	2232	1325	1125	1785	2231	1124	1788	1821
324	2098	1324	1051	1387	2105	1323	1055	1405	2231	1124	1788	1821	2147	1326	1079	1790	2233	1126	1793	1822
325	2105	1323	1055	1405	2112	1322	1059	1423	2233	1126	1793	1822	2166	1327	1089	1795	2234	1127	1798	1823
326	2112	1322	1059	1423	2119	1321	1063	1441	2234	1127	1798	1823	2179	1328	1096	1800	2235	1128	1803	1824
327	2119	1321	1063	1441	2126	1320	1067	1459	2235	1128	1803	1824	2192	1329	1103	1805	2236	1129	1808	1825
328	2126	1320	1067	1459	2133	1319	1071	1477	2236	1129	1808	1825	2205	1330	1110	1810	2237	1130	1813	1826
329	2133	1319	1071	1477	2140	1318	1075	1495	2237	1130	1813	1826	2218	1331	1117	1815	2238	1131	1818	1827
330	2140	1318	1075	1495	2433	1381	1294	1972	2238	1131	1818	1827	2239	1332	1132	1820	2437	1298	2017	2018
331	2048	1335	1334	2047	1400	1052	1053	1399	2079	1340	2077	2082	1784	1145	1144	1762	1786	1085	1764	1828
332	1400	1052	1053	1399	1418	1056	1057	1417	1786	1085	1764	1828	1789	1081	1084	1765	1791	1083	1767	1829
333	1418	1056	1057	1417	1436	1060	1061	1435	1791	1083	1767	1829	1794	1091	1093	1768	1796	1092	1770	1830
334	1436	1060	1061	1435	1454	1064	1065	1453	1796	1092	1770	1830	1799	1098	1100	1771	1801	1099	1773	1831
335	1454	1064	1065	1453	1472	1068	1069	1471	1801	1099	1773	1831	1804	1105	1107	1774	1806	1106	1776	1832
336	1472	1068	1069	1471	1490	1072	1073	1489	1806	1106	1776	1832	1809	1112	1114	1777	1811	1113	1779	1833
337	1490	1072	1073	1489	1508	1076	1077	1507	1811	1113	1779	1833	1814	1119	1121	1780	1816	1120	1782	1834
338	1508	1076	1077	1507	1985	1295	1296	1984	1816	1120	1782	1834	1819	1133	1134	1783	2015	1300	2014	2019
339	2471	2472	2035	2050	2296	2297	1396	1397	2480	2059	2083	2084	2381	2382	1579	1835	2364	1580	1836	1837
340	2296	2297	1396	1397	2290	2291	1414	1415	2364	1580	1836	1837	2363	2365	1582	1838	2353	1583	1839	1840
341	2290	2291	1414	1415	2284	2285	1432	1433	2353	1583	1839	1840	2352	2354	1585	1841	2342	1586	1842	1843
342	2284	2285	1432	1433	2278	2279	1450	1451	2342	1586	1842	1843	2341	2343	1588	1844	2331	1589	1845	1846
343	2278	2279	1450	1451	2272	2273	1468	1469	2331	1589	1845	1846	2330	2332	1591	1847	2320	1592	1848	1849
344	2272	2273	1468	1469	2266	2267	1486	1487	2320	1592	1848	1849	2319	2321	1594	1850	2305	1595	1851	1852
345	2266	2267	1486	1487	2260	2261	1504	1505	2305	1595	1851	1852	2303	2306	1597	1853	2307	1598	1854	1855
346	2260	2261	1504	1505	2458	2459	1981	1982	2307	1598	1854	1855	2397	2396	1600	1856	2467	1996	2020	2021
347	2046	2470	2471	2050	1398	2295	2296	1397	2074	2481	2084	2085	1740	2380	2381	1835	1741	2362	1837	1857
348	1398	2295	2296	1397	1416	2289	2290	1415	1741	2362	1837	1857	1743	2361	2363	1838	1744	2351	1840	1858
349	1416	2289	2290	1415	1434	2283	2284	1433	1744	2351	1840	1858	1746	2350	2352	1841	1747	2340	1843	1859
350	1434	2283	2284	1433	1452	2277	2278	1451	1747	2340	1843	1859	1749	2339	2341	1844	1750	2329	1846	1860
351	1452	2277	2278	1451	1470	2271	2272	1469	1750	2329	1846	1860	1752	2328	2330	1847	1753	2318	1849	1861
352	1470	2271	2272	1469	1488	2265	2266	1487	1753	2318	1849	1861	1755	2317	2319	1850	1756	2302	1852	1862
353	1488	2265	2266	1487	1506	2259	2260	1505	1756	2302	1852	1862	1758	2301	2303	1853	1759	2304	1855	1863
354	1506	2259	2260	1505	1983	2457	2458	1982	1759	2304	1855	1863	1761	2373	2397	1856	2011	2468	2021	2022
355	2050	2035	2036	2051	1397	1396	1402	1401	2083	2064	2086	2087	1835	1579	1638	1864	1836	1639	1865	1866
356	1397	1396	1402	1401	1415	1414	1420	1419	1836	1639	1865	1866	1838	1582	1641	1867	1839	1642	1868	1869
357	1415	1414	1420	1419	1433	1432	1438	1437	1839	1642	1868	1869	1841	1585	1644	1870	1842	1645	1871	1872
358	1433	1432	1438	1437	1451	1450	1456	1455	1842	1645	1871	1872	1844	1588	1647	1873	1845	1648	1874	1875
359	1451	1450	1456	1455	1469	1468	1474	1473	1845	1648	1874	1875	1847	1591	1650	1876	1848	1651	1877	1878
360	1469	1468	1474	1473	1487	1486	1492	1491	1848	1651	1877	1878	1850	1594	1653	1879	1851	1654	1880	1881
361	1487	1486	1492	1491	1505	1504	1510	1509	1851	1654	1880	1881	1853	1597	1656	1882	1854	1657	1883	1884
362	1505	1504	1510	1509	1982	1981	1987	1986	1854	1657	1883	1884	1856	1600	1659	1885	2020	2001	2023	2024
363	2037	2445	2446	2052	1390	2101	2100	1389	2067	2453	2088	2089	1660	2256	2257	1886	1662	2156	1887	1888
364	1390	2101	2100	1389	1408	2108	2107	1407	1662	2156	1887	1888	1665	2155	2152	1889	1667	2154	1890	1891
365	1408	2108	2107	1407	1426	2115	2114	1425	1667	2154	1890	1891	1670	2172	2170	1892	1672	2171	1893	1894
366	1426	2115	2114	1425	1444	2122	2121	1443	1672	2171	1893	1894	1675	2185	2183	1895	1677	2184	1896	1897
367	1444	2122	2121	1443	1462	2129	2128	1461	1677	2184	1896	1897	1680	2198	2196	1898	1682	2197	1899	1900
368	1462	2129	2128	1461	1480	2136	2135	1479	1682	2197	1899	1900	1685	2211	2209	1901	1687	2210	1902	1903
369	1480	2136	2135	1479	1498	2143	2142	1497	1687	2210	1902	1903	1690	2224	2222	1904	1692	2223	1905	1906
370	1498	2143	2142	1497	1975	2430	2431	1974	1692	2223	1905	1906	1695	2242	2241	1907	2003	2438	2025	2026
371	2051	2036	2037	2052	1401	1402	1390	1389	2086	2071	2089	2090	1864	1638	1660	1886	1865	1719	1888	1908
372	1401	1402	1390	1389	1419	1420	1408	1407	1865	1719	1888	1908	1867	1641	1665	1889	1868	1721	1891	1909
373	1419	1420	1408	1407	1437	1438	1426	1425	1868	1721	1891	1909	1870	1644	1670	1892	1871	1723	1894	1910
374	1437	1438	1426	1425	1455	1456	1444	1443	1871	1723	1894	1910	1873	1647	1675	1895	1874	1725	1897	1911
375	1455	1456	1444	1443	1473	1474	1462	1461	1874	1725	1897	1911	1876	1650	1680	1898	1877	1727	1900	1912
376	1473	1474	1462	1461	1491	1492	1480	1479	1877	1727	1900	1912	1879	1653	1685	1901	1880	1729	1903	1913
377	1491	1492	1480	1479	1509	1510	1498	1497	1880	1729	1903	1913	1882	1656	1690	1904	1883	1731	1906	1914
378	1509	1510	1498	1497	1986	1987	1975	1974	1883	1731	1906	1914	1885	1659	1695	1907	2023	2008	2026	2027
379	2052	2446	2447	2045	1389	2100	2099	1388	2088	2454	2091	2092	1886	2257	2258	1915	1887	2153	1916	1917
380	1389	2100	2099	1388	1407	2107	2106	1406	1887	2153	1916	1917	1889	2152	2149	1918	1890	2151	1919	1920
381	1407	2107	2106	1406	1425	2114	2113	1424	1890	2151	1919	1920	1892	2170	2168	1921	1893	2169	1922	1923
382	1425	2114	2113	1424	1443	2121	2120	1442	1893	2169	1922	1923	1895	2183	2181	1924	1896	2182	1925	1926
383	1443	2121	2120	1442	1461	2128	2127	1460	1896	2182	1925	1926	1898	2196	2194	1927	1899	2195	1928	1929
384	1461	2128	2127	1460	1479	2135	2134	1478	1899	2195	1928	1929	1901	2209	2207	1930	1902	2208	1931	1932
385	1479	2135	2134	1478	1497	2142	2141	1496	1902	2208	1931	1932	1904	2222	2220	1933	1905	2221	1934	1935
386	1497	2142	2141	1496	1974	2431	2432	1973	1905	2221	1934	1935	1907	2241	2240	1936	2025	2439	2028	2029
387	2442	2443	2040	2041	2104	2103	1392	1393	2455	2069	2093	2055	2253	2254	1697	1513	2165	1698	1937	1535
388	2104	2103	1392	1393	2111	2110	1410	1411	2165	1698	1937	1535	2164	2161	1700	1516	2163	1701	1938	1536
389	2111	2110	1410	1411	2118	2117	1428	1429	2163	1701	1938	1536	2178	2176	1703	1519	2177	1704	1939	1537
390	2118	2117	1428	1429	2125	2124	1446	1447	2177	1704	1939	1537	2191	2189	1706	1522	2190	1707	1940	1538
391	2125	2124	1446	1447	2132	2131	1464	1465	2190	1707	1940	1538	2204	2202	1709	1525	2203	1710	1941	1539
392	2132	2131	1464	1465	2139	2138	1482	1483	2203	1710	1941	1539	2217	2215	1712	1528	2216	1713	1942	1540
393	2139	2138	1482	1483	2146	2145	1500	1501	2216	1713	1942	1540	2230	2228	1715	1531	2229	1716	1943	1541
394	2146	2145	1500	1501	2427	2428	1977	1978	2229	1716	1943	1541	2245	2244	1718	1534	2440	2006	2030	1992
395	2040	2039	2038	2041	1392	1404	1394	1393	2073	2062	2094	2093	1697	1601	1542	1513	1733	1603	1944	1937
396	1392	1404	1394	1393	1410	1422	1412	1411	1733	1603	1944	1937	1700	1606	1547	1516	1734	1608	1945	1938
397	1410	1422	1412	1411	1428	1440	1430	1429	1734	1608	1945	1938	1703	1611	1552	1519	1735	1613	1946	1939
398	1428	1440	1430	1429	1446	1458	1448	1447	1735	1613	1946	1939	1706	1616	1557	1522	1736	1618	1947	1940
399	1446	1458	1448	1447	1464	1476	1466	1465	1736	1618	1947	1940	1709	1621	1562	1525	1737	1623	1948	1941
400	1464	1476	1466	1465	1482	1494	1484	1483	1737	1623	1948	1941	1712	1626	1567	1528	1738	1628	1949	1942
401	1482	1494	1484	1483	1500	1512	1502	1501	1738	1628	1949	1942	1715	1631	1572	1531	1739	1633	1950	1943
402	1500	1512	1502	1501	1977	1989	1979	1978	1739	1633	1950	1943	1718	1636	1577	1534	2010	1998	2031	2030
403	2041	2038	2474	2475	1393	1394	2299	2300	2094	2057	2482	2054	1513	1542	2384	2385	1944	1544	2370	1515
404	1393	1394	2299	2300	1411	1412	2293	2294	1944	1544	2370	1515	1516	1547	2369	2371	1945	1549	2359	1518
405	1411	1412	2293	2294	1429	1430	2287	2288	1945	1549	2359	1518	1519	1552	2358	2360	1946	1554	2348	1521
406	1429	1430	2287	2288	1447	1448	2281	2282	1946	1554	2348	1521	1522	1557	2347	2349	1947	1559	2337	1524
407	1447	1448	2281	2282	1465	1466	2275	2276	1947	1559	2337	1524	1525	1562	2336	2338	1948	1564	2326	1527
408	1465	1466	2275	2276	1483	1484	2269	2270	1948	1564	2326	1527	1528	1567	2325	2327	1949	1569	2314	1530
409	1483	1484	2269	2270	1501	1502	2263	2264	1949	1569	2314	1530	1531	1572	2312	2315	1950	1574	2316	1533
410	1501	1502	2263	2264	1978	1979	2461	2462	1950	1574	2316	1533	1534	1577	2394	2393	2031	1993	2469	1991
411	2050	2051	2047	2046	1397	1401	1399	1398	2087	2095	2076	2085	1835	1864	1762	1740	1866	1951	1763	1857
412	1397	1401	1399	1398	1415	1419	1417	1416	1866	1951	1763	1857	1838	1867	1765	1743	1869	1952	1766	1858
413	1415	1419	1417	1416	1433	1437	1435	1434	1869	1952	1766	1858	1841	1870	1768	1746	1872	1953	1769	1859
414	1433	1437	1435	1434	1451	1455	1453	1452	1872	1953	1769	1859	1844	1873	1771	1749	1875	1954	1772	1860
415	1451	1455	1453	1452	1469	1473	1471	1470	1875	1954	1772	1860	1847	1876	1774	1752	1878	1955	1775	1861
416	1469	1473	1471	1470	1487	1491	1489	1488	1878	1955	1775	1861	1850	1879	1777	1755	1881	1956	1778	1862
417	1487	1491	1489	1488	1505	1509	1507	1506	1881	1956	1778	1862	1853	1882	1780	1758	1884	1957	1781	1863
418	1505	1509	1507	1506	1982	1986	1984	1983	1884	1957	1781	1863	1856	1885	1783	1761	2024	2032	2013	2022
419	2051	2052	2045	2047	1401	1389	1388	1399	2090	2092	2096	2095	1864	1886	1915	1762	1908	1917	1958	1951
420	1401	1389	1388	1399	1419	1407	1406	1417	1908	1917	1958	1951	1867	1889	1918	1765	1909	1920	1959	1952
421	1419	1407	1406	1417	1437	1425	1424	1435	1909	1920	1959	1952	1870	1892	1921	1768	1910	1923	1960	1953
422	1437	1425	1424	1435	1455	1443	1442	1453	1910	1923	1960	1953	1873	1895	1924	1771	1911	1926	1961	1954
423	1455	1443	1442	1453	1473	1461	1460	1471	1911	1926	1961	1954	1876	1898	1927	1774	1912	1929	1962	1955
424	1473	1461	1460	1471	1491	1479	1478	1489	1912	1929	1962	1955	1879	1901	1930	1777	1913	1932	1963	1956
425	1491	1479	1478	1489	1509	1497	1496	1507	1913	1932	1963	1956	1882	1904	1933	1780	1914	1935	1964	1957
426	1509	1497	1496	1507	1986	1974	1973	1984	1914	1935	1964	1957	1885	1907	1936	1783	2027	2029	2033	2032
427	2045	2447	2448	2049	1388	2099	2098	1387	2091	2456	2081	2097	1915	2258	2232	1785	1916	2150	1821	1965
428	1388	2099	2098	1387	1406	2106	2105	1405	1916	2150	1821	1965	1918	2149	2147	1790	1919	2148	1822	1966
429	1406	2106	2105	1405	1424	2113	2112	1423	1919	2148	1822	1966	1921	2168	2166	1795	1922	2167	1823	1967
430	1424	2113	2112	1423	1442	2120	2119	1441	1922	2167	1823	1967	1924	2181	2179	1800	1925	2180	1824	1968
431	1442	2120	2119	1441	1460	2127	2126	1459	1925	2180	1824	1968	1927	2194	2192	1805	1928	2193	1825	1969
432	1460	2127	2126	1459	1478	2134	2133	1477	1928	2193	1825	1969	1930	2207	2205	1810	1931	2206	1826	1970
433	1478	2134	2133	1477	1496	2141	2140	1495	1931	2206	1826	1970	1933	2220	2218	1815	1934	2219	1827	1971
434	1496	2141	2140	1495	1973	2432	2433	1972	1934	2219	1827	1971	1936	2240	2239	1820	2028	2441	2018	2034
435	2049	2048	2047	2045	1387	1400	1399	1388	2078	2082	2096	2097	1785	1784	1762	1915	1787	1828	1958	1965
436	1387	1400	1399	1388	1405	1418	1417	1406	1787	1828	1958	1965	1790	1789	1765	1918	1792	1829	1959	1966
437	1405	1418	1417	1406	1423	1436	1435	1424	1792	1829	1959	1966	1795	1794	1768	1921	1797	1830	1960	1967
438	1423	1436	1435	1424	1441	1454	1453	1442	1797	1830	1960	1967	1800	1799	1771	1924	1802	1831	1961	1968
439	1441	1454	1453	1442	1459	1472	1471	1460	1802	1831	1961	1968	1805	1804	1774	1927	1807	1832	1962	1969
440	1459	1472	1471	1460	1477	1490	1489	1478	1807	1832	1962	1969	1810	1809	1777	1930	1812	1833	1963	1970
441	1477	1490	1489	1478	1495	1508	1507	1496	1812	1833	1963	1970	1815	1814	1780	1933	1817	1834	1964	1971
442	1495	1508	1507	1496	1972	1985	1984	1973	1817	1834	1964	1971	1820	1819	1783	1936	2016	2019	2033	2034
443	2617	2618	2520	2516	2582	2597	2507	2404	2606	2608	2518	2530	2583	2605	2515	2419	2568	2538	2420	2523
444	2582	2597	2507	2404	2581	2596	2506	2403	2568	2538	2420	2523	2584	2604	2514	2418	2569	2537	2421	2524
445	2581	2596	2506	2403	2580	2595	2505	2402	2569	2537	2421	2524	2585	2603	2513	2416	2570	2536	2422	2525
446	2580	2595	2505	2402	2579	2594	2504	2401	2570	2536	2422	2525	2586	2602	2512	2414	2571	2535	2423	2526
447	2579	2594	2504	2401	2578	2593	2503	2400	2571	2535	2423	2526	2587	2601	2511	2412	2572	2534	2424	2527
448	2578	2593	2503	2400	2577	2592	2502	2399	2572	2534	2424	2527	2588	2600	2510	2410	2573	2533	2425	2528
449	2577	2592	2502	2399	2576	2591	2501	2398	2573	2533	2425	2528	2589	2599	2509	2408	2574	2532	2426	2529
450	2576	2591	2501	2398	2615	2616	2519	2483	2574	2532	2426	2529	2590	2598	2508	2406	2575	2607	2485	2531
451	2522	2612	2617	2516	2486	2539	2582	2404	2614	2613	2530	2517	2493	2547	2583	2419	2567	2546	2523	2417
452	2486	2539	2582	2404	2487	2540	2581	2403	2567	2546	2523	2417	2494	2549	2584	2418	2566	2548	2524	2415
453	2487	2540	2581	2403	2488	2541	2580	2402	2566	2548	2524	2415	2495	2551	2585	2416	2565	2550	2525	2413
454	2488	2541	2580	2402	2489	2542	2579	2401	2565	2550	2525	2413	2496	2553	2586	2414	2564	2552	2526	2411
455	2489	2542	2579	2401	2490	2543	2578	2400	2564	2552	2526	2411	2497	2555	2587	2412	2563	2554	2527	2409
456	2490	2543	2578	2400	2491	2544	2577	2399	2563	2554	2527	2409	2498	2557	2588	2410	2562	2556	2528	2407
457	2491	2544	2577	2399	2492	2545	2576	2398	2562	2556	2528	2407	2499	2559	2589	2408	2561	2558	2529	2405
458	2492	2545	2576	2398	2521	2609	2615	2483	2561	2558	2529	2405	2500	2560	2590	2406	2610	2611	2531	2484
